experiment,PassiveBefore,PassiveAfter,ActiveBefore,ActiveAfter
0W1000C10B,1647,200,18,9
0W1000C15B,1671,201,64,8
0W1000C1B,1043,201,2,1
0W1000C20B,1813,201,85,17
0W1000C25B,2283,200,225,17
0W1000C2B,1039,201,2,2
0W1000C5B,1428,201,9,4
0W100C10B,359,101,26,9
0W100C15B,584,100,30,14
0W100C1B,122,101,2,1
0W100C20B,757,50,54,17
0W100C25B,228,49,28,25
0W100C2B,203,101,4,2
0W100C5B,223,101,14,2
0W1100C10B,1584,222,34,6
0W1100C15B,1660,221,59,11
0W1100C1B,1114,221,1,1
0W1100C20B,2065,221,94,17
0W1100C25B,2304,221,130,17
0W1100C2B,1225,221,2,2
0W1100C5B,1317,221,14,5
0W1200C10B,1500,241,46,4
0W1200C15B,1859,242,70,12
0W1200C1B,1307,241,1,1
0W1200C20B,1854,241,90,18
0W1200C25B,2125,241,152,20
0W1200C2B,1329,241,5,2
0W1200C5B,1488,241,7,5
0W1300C10B,1736,262,20,10
0W1300C15B,1869,261,81,8
0W1300C1B,1462,261,1,1
0W1300C20B,1914,261,130,15
0W1300C25B,1709,131,96,18
0W1300C2B,1377,261,4,2
0W1300C5B,1416,262,15,5
0W200C10B,499,102,11,10
0W200C16B,720,102,18,16
0W200C1B,251,101,1,1
0W200C21B,867,102,23,21
0W200C26B,1142,67,37,26
0W200C2B,369,102,2,2
0W200C5B,415,101,6,5
0W300C10B,703,102,12,10
0W300C15B,865,103,15,15
0W300C1B,333,101,1,1
0W300C20B,978,102,21,20
0W300C25B,1331,101,38,25
0W300C2B,368,101,2,2
0W300C5B,512,101,5,5
0W400C10B,732,136,10,10
0W400C15B,879,134,16,15
0W400C1B,413,134,1,1
0W400C20B,1054,134,24,20
0W400C25B,1503,134,60,24
0W400C2B,441,135,2,2
0W400C5B,504,134,5,5
0W500C10B,909,167,10,10
0W500C15B,987,166,19,15
0W500C1B,630,167,1,1
0W500C20B,1172,165,31,20
0W500C25B,1268,165,52,22
0W500C2B,626,167,2,2
0W500C5B,758,169,5,5
0W600C10B,1061,119,12,10
0W600C15B,1283,119,21,15
0W600C1B,636,121,2,1
0W600C20B,1413,121,33,19
0W600C25B,1667,121,45,25
0W600C2B,670,122,3,2
0W600C5B,905,201,8,5
0W700C10B,1142,140,13,10
0W700C15B,1386,142,25,14
0W700C1B,717,141,1,1
0W700C20B,1487,141,33,20
0W700C25B,1960,140,66,18
0W700C2B,804,141,2,2
0W700C5B,1043,141,8,5
0W800C10B,1166,161,24,9
0W800C15B,1483,160,23,15
0W800C1B,815,161,1,1
0W800C20B,1612,161,69,12
0W800C25B,2683,160,128,18
0W800C2B,866,161,5,2
0W800C5B,944,161,6,5
0W900C10B,1505,182,30,5
0W900C15B,1765,180,38,12
0W900C1B,967,182,3,0
0W900C20B,1871,181,49,17
0W900C25B,2381,182,142,17
0W900C2B,1001,181,3,2
0W900C5B,1264,181,5,5
1W1000C10B,1151,201,34,10
1W1000C15B,1344,201,49,11
1W1000C1B,1018,201,1,1
1W1000C20B,1479,201,139,12
1W1000C25B,1709,201,142,18
1W1000C2B,1025,201,4,2
1W1000C5B,1059,201,7,5
1W100C10B,722,51,10,10
1W100C15B,1021,51,22,14
1W100C1B,176,99,1,1
1W100C20B,1366,21,30,18
1W100C25B,2310,11,81,18
1W100C2B,257,100,2,2
1W100C5B,437,100,6,5
1W1100C10B,1284,221,13,10
1W1100C15B,1356,221,51,15
1W1100C1B,1175,221,3,1
1W1100C20B,1496,221,54,18
1W1100C25B,1791,221,204,18
1W1100C2B,1122,221,2,2
1W1100C5B,1190,221,9,5
1W1200C10B,1686,241,67,7
1W1200C15B,1465,241,69,9
1W1200C1B,1359,241,1,1
1W1200C20B,1482,241,76,15
1W1200C25B,1837,241,179,14
1W1200C2B,1438,241,24,0
1W1200C5B,1520,241,65,2
1W1300C10B,1385,261,77,5
1W1300C15B,1455,261,208,6
1W1300C1B,1315,261,1,1
1W1300C20B,1608,260,394,2
1W1300C25B,1833,261,555,7
1W1300C2B,1305,261,2,2
1W1300C5B,1345,261,5,5
1W200C10B,783,70,14,9
1W200C15B,1137,69,17,15
1W200C1B,241,100,1,1
1W200C20B,1675,42,28,20
1W200C25B,2288,45,43,24
1W200C2B,289,101,2,2
1W200C5B,407,101,5,5
1W300C10B,955,101,14,10
1W300C15B,1414,100,19,15
1W300C1B,353,100,2,1
1W300C20B,1539,101,25,20
1W300C25B,2534,101,43,22
1W300C2B,418,151,3,2
1W300C5B,580,100,6,5
1W400C10B,913,134,14,10
1W400C15B,1391,135,21,15
1W400C1B,452,134,1,1
1W400C20B,1696,135,25,20
1W400C25B,2187,135,41,25
1W400C2B,462,134,2,2
1W400C5B,634,135,6,5
1W500C10B,1066,168,10,10
1W500C15B,1322,167,29,14
1W500C1B,542,167,1,1
1W500C20B,1539,167,32,20
1W500C25B,1898,167,32,25
1W500C2B,560,167,3,2
1W500C5B,691,167,5,5
1W600C10B,1015,121,12,10
1W600C15B,1518,201,18,15
1W600C1B,625,121,1,1
1W600C20B,1686,121,74,17
1W600C25B,1925,201,53,25
1W600C2B,667,121,3,2
1W600C5B,772,201,5,5
1W700C10B,1316,141,12,10
1W700C15B,1672,141,26,14
1W700C1B,951,141,1,1
1W700C20B,1685,141,54,19
1W700C25B,2248,141,77,21
1W700C2B,1053,141,4,2
1W700C5B,1038,141,9,4
1W800C10B,1037,161,19,10
1W800C15B,1171,161,25,15
1W800C1B,811,161,1,1
1W800C20B,1633,161,85,14
1W800C25B,2019,161,193,16
1W800C2B,836,161,5,2
1W800C5B,926,161,10,4
1W900C10B,1150,181,20,10
1W900C15B,1380,181,52,12
1W900C1B,975,181,2,1
1W900C20B,1508,181,79,14
1W900C25B,1820,181,234,13
1W900C2B,964,181,3,2
1W900C5B,1136,181,12,4
2W1000C10B,1217,201,21,8
2W1000C15B,1427,201,22,15
2W1000C1B,1008,201,1,1
2W1000C20B,1386,201,156,11
2W1000C25B,1591,201,325,9
2W1000C2B,1031,201,2,2
2W1000C5B,1059,202,5,5
2W100C10B,1480,20,16,10
2W100C15B,1976,14,29,13
2W100C1B,350,48,1,1
2W100C20B,4349,7,50,11
2W100C25B,2435,15,46,25
2W100C2B,508,50,2,2
2W100C5B,857,34,8,5
2W1100C10B,1371,221,25,10
2W1100C15B,1302,221,19,15
2W1100C1B,1154,220,1,1
2W1100C20B,1387,221,114,13
2W1100C25B,1952,221,154,18
2W1100C2B,1117,220,3,2
2W1100C5B,1289,221,5,5
2W1200C10B,1498,241,137,5
2W1200C15B,1642,242,98,8
2W1200C1B,1201,241,1,1
2W1200C20B,1458,241,285,7
2W1200C25B,2536,242,279,11
2W1200C2B,1221,241,2,2
2W1200C5B,1500,241,32,2
2W1300C10B,1447,261,99,7
2W1300C15B,1678,261,346,2
2W1300C1B,1394,261,1,1
2W1300C20B,1875,261,335,2
2W1300C24B,2496,262,356,3
2W1300C2B,1364,261,2,2
2W1300C5B,1511,261,16,5
2W200C10B,1171,68,12,10
2W200C15B,1628,44,17,15
2W200C1B,309,101,2,1
2W200C20B,1944,41,33,18
2W200C25B,2772,25,39,24
2W200C2B,349,101,4,2
2W200C5B,679,101,7,5
2W300C10B,1631,101,15,10
2W300C15B,2042,65,19,15
2W300C1B,717,102,2,1
2W300C20B,2746,66,30,20
2W300C25B,3778,37,71,23
2W300C2B,795,103,3,2
2W300C5B,1004,102,6,5
2W400C10B,1571,135,11,10
2W400C15B,2042,135,18,15
2W400C1B,613,133,1,1
2W400C20B,2775,81,21,20
2W400C25B,3988,82,60,25
2W400C2B,751,132,3,2
2W400C5B,1095,135,7,5
2W500C10B,1860,169,10,10
2W500C15B,2331,107,32,15
2W500C1B,683,168,1,1
2W500C20B,2687,102,47,20
2W500C25B,2634,168,60,25
2W500C2B,818,167,2,2
2W500C5B,1100,170,5,5
2W600C10B,1398,201,28,8
2W600C15B,1669,121,34,15
2W600C1B,664,121,1,1
2W600C20B,2199,121,65,12
2W600C25B,2687,201,145,20
2W600C2B,695,121,2,2
2W600C5B,990,201,7,5
2W700C10B,1344,141,26,7
2W700C15B,1639,141,42,11
2W700C1B,746,141,2,1
2W700C20B,1969,141,77,15
2W700C25B,2356,141,88,21
2W700C2B,791,141,4,2
2W700C5B,918,141,10,5
2W800C10B,1220,161,32,8
2W800C15B,1366,161,40,13
2W800C1B,814,161,1,1
2W800C20B,1626,161,50,15
2W800C25B,1932,161,135,17
2W800C2B,1090,161,12,2
2W800C5B,1047,161,12,5
2W900C10B,1375,181,17,9
2W900C15B,1286,181,44,11
2W900C1B,936,181,1,1
2W900C20B,1526,181,113,14
2W900C25B,1867,181,126,17
2W900C2B,966,181,5,2
2W900C5B,1203,181,15,4
3W1000C10B,1182,201,69,6
3W1000C15B,1291,201,283,7
3W1000C1B,1003,201,1,1
3W1000C20B,1257,201,110,7
3W1000C25B,1313,201,441,6
3W1000C2B,1058,201,2,2
3W1000C5B,1248,201,6,5
3W100C10B,849,50,14,10
3W100C15B,1146,21,25,15
3W100C1B,214,97,1,1
3W100C20B,1685,22,30,19
3W100C25B,2197,21,50,22
3W100C2B,479,52,5,1
3W100C5B,704,49,12,4
3W1100C10B,1272,221,47,10
3W1100C15B,1610,221,155,8
3W1100C1B,1118,221,2,1
3W1100C20B,1691,221,343,4
3W1100C25B,1863,221,420,10
3W1100C2B,1182,221,2,2
3W1100C5B,1251,221,12,5
3W1200C10B,1274,241,163,4
3W1200C15B,1309,241,98,7
3W1200C1B,1207,241,2,1
3W1200C20B,1549,241,94,12
3W1200C25B,1593,241,153,4
3W1200C2B,1245,241,3,2
3W1200C5B,1213,241,42,5
3W1300C10B,2125,261,43,4
3W1300C15B,2433,262,172,3
3W1300C1B,1302,261,1,1
3W1300C20B,2250,265,146,9
3W1300C25B,3156,261,243,6
3W1300C2B,1309,261,2,2
3W1300C5B,1549,261,8,4
3W200C10B,1270,43,12,10
3W200C15B,1904,43,21,14
3W200C1B,346,100,1,1
3W200C20B,2239,41,33,18
3W200C25B,3239,21,48,22
3W200C2B,437,99,2,2
3W200C5B,826,67,6,5
3W300C10B,1352,104,14,10
3W300C15B,1922,102,21,15
3W300C1B,483,100,1,1
3W300C20B,2453,62,36,18
3W300C25B,3096,66,73,18
3W300C2B,529,101,2,2
3W300C5B,916,101,9,5
3W400C10B,1299,134,14,9
3W400C15B,1926,135,22,14
3W400C1B,632,134,1,1
3W400C20B,2977,82,44,18
3W400C25B,3024,82,44,24
3W400C2B,705,134,4,2
3W400C5B,867,135,8,5
3W500C10B,1505,167,22,9
3W500C15B,1966,167,41,9
3W500C1B,605,167,1,1
3W500C20B,3101,169,59,15
3W500C25B,3124,101,68,20
3W500C2B,685,167,2,2
3W500C5B,938,167,10,4
3W600C10B,1422,121,20,8
3W600C15B,1980,121,23,13
3W600C1B,657,121,1,1
3W600C20B,2600,123,49,18
3W600C25B,3884,121,102,20
3W600C2B,759,121,4,2
3W600C5B,1196,201,14,5
3W700C10B,1409,141,32,7
3W700C15B,2437,141,58,7
3W700C1B,796,141,1,1
3W700C20B,2688,141,71,20
3W700C25B,3624,141,130,17
3W700C2B,931,141,3,2
3W700C5B,1182,141,19,1
3W800C10B,1346,161,16,10
3W800C15B,1928,161,46,13
3W800C1B,824,161,1,1
3W800C20B,2292,161,91,12
3W800C25B,2837,161,180,20
3W800C2B,894,161,2,2
3W800C5B,1022,161,5,5
3W900C10B,1125,180,40,4
3W900C15B,1250,180,15,15
3W900C1B,926,180,1,1
3W900C20B,1396,180,86,12
3W900C25B,1568,180,139,11
3W900C2B,931,180,2,2
3W900C5B,990,180,5,5
