shows the number of passive trajectories after some filter
experiment, True, Tracked, OneGroup, FramesThreshold, Remains
0W1000C10B, 1000, 1647, 1413, 200, 998
0W1000C15B, 1000, 1671, 1427, 200, 996
0W1000C1B, 1000, 1043, 1031, 100, 1031
0W1000C20B, 1000, 1813, 1523, 200, 999
0W1000C25B, 1000, 2283, 1792, 200, 994
0W1000C2B, 1000, 1039, 1035, 100, 1035
0W1000C5B, 1000, 1428, 1290, 200, 1000
0W100C10B, 100, 359, 319, 200, 100
0W100C15B, 100, 584, 512, 200, 100
0W100C1B, 100, 122, 119, 100, 119
0W100C20B, 100, 757, 563, 200, 97
0W100C25B, 100, 228, 202, 200, 96
0W100C2B, 100, 203, 178, 200, 99
0W100C5B, 100, 223, 200, 200, 101
0W1100C10B, 1100, 1584, 1442, 200, 1101
0W1100C15B, 1100, 1660, 1487, 200, 1100
0W1100C1B, 1100, 1114, 1112, 100, 1112
0W1100C20B, 1100, 2065, 1701, 200, 1100
0W1100C25B, 1100, 2304, 1849, 200, 1100
0W1100C2B, 1100, 1225, 1186, 200, 1100
0W1100C5B, 1100, 1317, 1261, 200, 1100
0W1200C10B, 1200, 1500, 1371, 200, 1199
0W1200C15B, 1200, 1859, 1602, 200, 1198
0W1200C1B, 1200, 1307, 1275, 200, 1200
0W1200C20B, 1200, 1854, 1551, 200, 1199
0W1200C25B, 1200, 2125, 1722, 200, 1199
0W1200C2B, 1200, 1329, 1280, 200, 1200
0W1200C5B, 1200, 1488, 1376, 200, 1201
0W1300C10B, 1300, 1736, 1535, 200, 1299
0W1300C15B, 1300, 1869, 1622, 200, 1295
0W1300C1B, 1300, 1462, 1384, 200, 1299
0W1300C20B, 1300, 1914, 1635, 200, 1300
0W1300C25B, 1300, 1709, 1529, 200, 1298
0W1300C2B, 1300, 1377, 1350, 100, 1350
0W1300C5B, 1300, 1416, 1371, 200, 1300
0W200C10B, 200, 499, 430, 200, 202
0W200C16B, 200, 720, 614, 200, 199
0W200C1B, 200, 251, 245, 100, 245
0W200C21B, 200, 867, 696, 200, 202
0W200C26B, 200, 1142, 929, 200, 198
0W200C2B, 200, 369, 305, 200, 200
0W200C5B, 200, 415, 381, 200, 200
0W300C10B, 300, 703, 620, 200, 301
0W300C15B, 300, 865, 749, 200, 300
0W300C1B, 300, 333, 328, 100, 328
0W300C20B, 300, 978, 824, 200, 298
0W300C25B, 300, 1331, 1037, 200, 297
0W300C2B, 300, 368, 352, 100, 352
0W300C5B, 300, 512, 457, 200, 299
0W400C10B, 400, 732, 672, 200, 401
0W400C15B, 400, 879, 780, 200, 398
0W400C1B, 400, 413, 411, 100, 411
0W400C20B, 400, 1054, 904, 200, 401
0W400C25B, 400, 1503, 1197, 200, 397
0W400C2B, 400, 441, 433, 100, 433
0W400C5B, 400, 504, 493, 200, 400
0W500C10B, 500, 909, 817, 200, 497
0W500C15B, 500, 987, 870, 200, 495
0W500C1B, 500, 630, 602, 200, 499
0W500C20B, 500, 1172, 939, 200, 493
0W500C25B, 500, 1268, 1017, 200, 489
0W500C2B, 500, 626, 597, 200, 499
0W500C5B, 500, 758, 714, 200, 501
0W600C10B, 600, 1061, 941, 200, 590
0W600C15B, 600, 1283, 1140, 200, 590
0W600C1B, 600, 636, 630, 100, 630
0W600C20B, 600, 1413, 1222, 200, 592
0W600C25B, 600, 1667, 1375, 200, 594
0W600C2B, 600, 670, 659, 100, 659
0W600C5B, 600, 905, 833, 200, 593
0W700C10B, 700, 1142, 1060, 200, 700
0W700C15B, 700, 1386, 1260, 200, 701
0W700C1B, 700, 717, 711, 100, 711
0W700C20B, 700, 1487, 1306, 200, 696
0W700C25B, 700, 1960, 1616, 200, 698
0W700C2B, 700, 804, 794, 200, 699
0W700C5B, 700, 1043, 943, 200, 700
0W800C10B, 800, 1166, 1057, 200, 800
0W800C15B, 800, 1483, 1286, 200, 799
0W800C1B, 800, 815, 813, 100, 813
0W800C20B, 800, 1612, 1365, 200, 798
0W800C25B, 800, 2683, 2061, 200, 798
0W800C2B, 800, 866, 857, 100, 857
0W800C5B, 800, 944, 908, 200, 800
0W900C10B, 900, 1505, 1320, 200, 901
0W900C15B, 900, 1765, 1496, 200, 898
0W900C1B, 900, 967, 949, 100, 949
0W900C20B, 900, 1871, 1555, 200, 900
0W900C25B, 900, 2381, 1824, 200, 901
0W900C2B, 900, 1001, 976, 200, 900
0W900C5B, 900, 1264, 1157, 200, 900
1W1000C10B, 1000, 1151, 1094, 200, 1000
1W1000C15B, 1000, 1344, 1210, 200, 998
1W1000C1B, 1000, 1018, 1008, 100, 1008
1W1000C20B, 1000, 1479, 1323, 200, 998
1W1000C25B, 1000, 1709, 1430, 200, 1000
1W1000C2B, 1000, 1025, 1010, 100, 1010
1W1000C5B, 1000, 1059, 1042, 100, 1042
1W100C10B, 100, 722, 602, 200, 88
1W100C15B, 100, 1021, 819, 200, 89
1W100C1B, 100, 176, 162, 200, 96
1W100C20B, 100, 1366, 1065, 200, 83
1W100C25B, 100, 2310, 1710, 200, 81
1W100C2B, 100, 257, 240, 200, 97
1W100C5B, 100, 437, 388, 200, 91
1W1100C10B, 1100, 1284, 1229, 200, 1100
1W1100C15B, 1100, 1356, 1270, 200, 1100
1W1100C1B, 1100, 1175, 1146, 100, 1146
1W1100C20B, 1100, 1496, 1340, 200, 1100
1W1100C25B, 1100, 1791, 1562, 200, 1100
1W1100C2B, 1100, 1122, 1116, 100, 1116
1W1100C5B, 1100, 1190, 1162, 200, 1100
1W1200C10B, 1200, 1686, 1478, 200, 1199
1W1200C15B, 1200, 1465, 1373, 200, 1200
1W1200C1B, 1200, 1359, 1276, 200, 1200
1W1200C20B, 1200, 1482, 1398, 200, 1200
1W1200C25B, 1200, 1837, 1545, 200, 1200
1W1200C2B, 1200, 1438, 1349, 200, 1200
1W1200C5B, 1200, 1520, 1385, 200, 1200
1W1300C10B, 1300, 1385, 1354, 100, 1354
1W1300C15B, 1300, 1455, 1398, 200, 1299
1W1300C1B, 1300, 1315, 1307, 100, 1307
1W1300C20B, 1300, 1608, 1491, 200, 1297
1W1300C25B, 1300, 1833, 1595, 200, 1300
1W1300C2B, 1300, 1305, 1305, 100, 1305
1W1300C5B, 1300, 1345, 1332, 100, 1332
1W200C10B, 200, 783, 631, 200, 176
1W200C15B, 200, 1137, 860, 200, 170
1W200C1B, 200, 241, 220, 100, 220
1W200C20B, 200, 1675, 1258, 200, 169
1W200C25B, 200, 2288, 1725, 200, 167
1W200C2B, 200, 289, 261, 200, 182
1W200C5B, 200, 407, 360, 200, 183
1W300C10B, 300, 955, 762, 200, 286
1W300C15B, 300, 1414, 1110, 200, 284
1W300C1B, 300, 353, 324, 100, 324
1W300C20B, 300, 1539, 1238, 200, 279
1W300C25B, 300, 2534, 1948, 200, 277
1W300C2B, 300, 418, 383, 200, 292
1W300C5B, 300, 580, 493, 200, 292
1W400C10B, 400, 913, 784, 200, 388
1W400C15B, 400, 1391, 1156, 200, 387
1W400C1B, 400, 452, 441, 100, 441
1W400C20B, 400, 1696, 1377, 200, 387
1W400C25B, 400, 2187, 1744, 200, 379
1W400C2B, 400, 462, 441, 100, 441
1W400C5B, 400, 634, 594, 200, 394
1W500C10B, 500, 1066, 939, 200, 490
1W500C15B, 500, 1322, 1146, 200, 486
1W500C1B, 500, 542, 533, 100, 533
1W500C20B, 500, 1539, 1289, 200, 487
1W500C25B, 500, 1898, 1517, 200, 487
1W500C2B, 500, 560, 546, 100, 546
1W500C5B, 500, 691, 650, 200, 492
1W600C10B, 600, 1015, 955, 200, 592
1W600C15B, 600, 1518, 1291, 200, 593
1W600C1B, 600, 625, 619, 100, 619
1W600C20B, 600, 1686, 1363, 200, 591
1W600C25B, 600, 1925, 1584, 200, 591
1W600C2B, 600, 667, 653, 100, 653
1W600C5B, 600, 772, 733, 200, 597
1W700C10B, 700, 1316, 1133, 200, 699
1W700C15B, 700, 1672, 1369, 200, 700
1W700C1B, 700, 951, 863, 200, 700
1W700C20B, 700, 1685, 1390, 200, 694
1W700C25B, 700, 2248, 1797, 200, 699
1W700C2B, 700, 1053, 924, 200, 700
1W700C5B, 700, 1038, 920, 200, 700
1W800C10B, 800, 1037, 984, 200, 800
1W800C15B, 800, 1171, 1052, 200, 800
1W800C1B, 800, 811, 811, 100, 811
1W800C20B, 800, 1633, 1355, 200, 799
1W800C25B, 800, 2019, 1559, 200, 799
1W800C2B, 800, 836, 830, 100, 830
1W800C5B, 800, 926, 898, 200, 800
1W900C10B, 900, 1150, 1065, 200, 899
1W900C15B, 900, 1380, 1221, 200, 900
1W900C1B, 900, 975, 950, 100, 950
1W900C20B, 900, 1508, 1298, 200, 899
1W900C25B, 900, 1820, 1480, 200, 897
1W900C2B, 900, 964, 937, 100, 937
1W900C5B, 900, 1136, 1086, 200, 900
2W1000C10B, 1000, 1217, 1152, 200, 1000
2W1000C15B, 1000, 1427, 1262, 200, 1000
2W1000C1B, 1000, 1008, 1008, 100, 1008
2W1000C20B, 1000, 1386, 1243, 200, 1000
2W1000C25B, 1000, 1591, 1366, 200, 1000
2W1000C2B, 1000, 1031, 1016, 100, 1016
2W1000C5B, 1000, 1059, 1048, 100, 1048
2W100C10B, 100, 1480, 954, 200, 69
2W100C15B, 100, 1976, 1361, 200, 69
2W100C1B, 100, 350, 220, 200, 80
2W100C20B, 100, 4349, 2963, 200, 62
2W100C25B, 100, 2435, 1853, 200, 76
2W100C2B, 100, 508, 333, 200, 78
2W100C5B, 100, 857, 571, 200, 74
2W1100C10B, 1100, 1371, 1256, 200, 1100
2W1100C15B, 1100, 1302, 1241, 200, 1100
2W1100C1B, 1100, 1154, 1118, 100, 1118
2W1100C20B, 1100, 1387, 1283, 200, 1100
2W1100C25B, 1100, 1952, 1594, 200, 1100
2W1100C2B, 1100, 1117, 1113, 100, 1113
2W1100C5B, 1100, 1289, 1215, 200, 1100
2W1200C10B, 1200, 1498, 1365, 200, 1200
2W1200C15B, 1200, 1642, 1437, 200, 1198
2W1200C1B, 1200, 1201, 1201, 100, 1201
2W1200C20B, 1200, 1458, 1386, 200, 1198
2W1200C25B, 1200, 2536, 1951, 200, 1193
2W1200C2B, 1200, 1221, 1220, 100, 1220
2W1200C5B, 1200, 1500, 1386, 200, 1200
2W1300C10B, 1300, 1447, 1416, 200, 1298
2W1300C15B, 1300, 1678, 1457, 200, 1297
2W1300C1B, 1300, 1394, 1351, 100, 1351
2W1300C20B, 1300, 1875, 1580, 200, 1297
2W1300C24B, 1300, 2496, 1953, 200, 1296
2W1300C2B, 1300, 1364, 1328, 100, 1328
2W1300C5B, 1300, 1511, 1414, 200, 1300
2W200C10B, 200, 1171, 863, 200, 160
2W200C15B, 200, 1628, 1220, 200, 157
2W200C1B, 200, 309, 219, 100, 219
2W200C20B, 200, 1944, 1470, 200, 151
2W200C25B, 200, 2772, 2046, 200, 153
2W200C2B, 200, 349, 269, 200, 161
2W200C5B, 200, 679, 516, 200, 160
2W300C10B, 300, 1631, 1239, 200, 251
2W300C15B, 300, 2042, 1606, 200, 254
2W300C1B, 300, 717, 486, 200, 271
2W300C20B, 300, 2746, 2092, 200, 245
2W300C25B, 300, 3778, 2718, 200, 241
2W300C2B, 300, 795, 542, 200, 269
2W300C5B, 300, 1004, 800, 200, 260
2W400C10B, 400, 1571, 1228, 200, 351
2W400C15B, 400, 2042, 1566, 200, 350
2W400C1B, 400, 613, 444, 100, 444
2W400C20B, 400, 2775, 2141, 200, 351
2W400C25B, 400, 3988, 2913, 200, 343
2W400C2B, 400, 751, 569, 200, 364
2W400C5B, 400, 1095, 879, 200, 358
2W500C10B, 500, 1860, 1480, 200, 467
2W500C15B, 500, 2331, 1719, 200, 466
2W500C1B, 500, 683, 580, 200, 479
2W500C20B, 500, 2687, 1947, 200, 465
2W500C25B, 500, 2634, 1968, 200, 480
2W500C2B, 500, 818, 678, 200, 474
2W500C5B, 500, 1100, 926, 200, 474
2W600C10B, 600, 1398, 1176, 200, 593
2W600C15B, 600, 1669, 1368, 200, 593
2W600C1B, 600, 664, 644, 100, 644
2W600C20B, 600, 2199, 1738, 200, 595
2W600C25B, 600, 2687, 2033, 200, 596
2W600C2B, 600, 695, 673, 200, 597
2W600C5B, 600, 990, 900, 200, 594
2W700C10B, 700, 1344, 1148, 200, 699
2W700C15B, 700, 1639, 1409, 200, 697
2W700C1B, 700, 746, 734, 100, 734
2W700C20B, 700, 1969, 1561, 200, 698
2W700C25B, 700, 2356, 1787, 200, 697
2W700C2B, 700, 791, 780, 200, 699
2W700C5B, 700, 918, 881, 200, 699
2W800C10B, 800, 1220, 1093, 200, 800
2W800C15B, 800, 1366, 1177, 200, 799
2W800C1B, 800, 814, 811, 100, 811
2W800C20B, 800, 1626, 1318, 200, 799
2W800C25B, 800, 1932, 1525, 200, 799
2W800C2B, 800, 1090, 988, 200, 800
2W800C5B, 800, 1047, 972, 200, 800
2W900C10B, 900, 1375, 1209, 200, 900
2W900C15B, 900, 1286, 1156, 200, 900
2W900C1B, 900, 936, 924, 100, 924
2W900C20B, 900, 1526, 1242, 200, 900
2W900C25B, 900, 1867, 1525, 200, 900
2W900C2B, 900, 966, 952, 100, 952
2W900C5B, 900, 1203, 1091, 200, 900
3W1000C10B, 1000, 1182, 1123, 200, 1000
3W1000C15B, 1000, 1291, 1179, 200, 1000
3W1000C1B, 1000, 1003, 1001, 100, 1001
3W1000C20B, 1000, 1257, 1143, 200, 999
3W1000C25B, 1000, 1313, 1222, 200, 998
3W1000C2B, 1000, 1058, 1046, 100, 1046
3W1000C5B, 1000, 1248, 1134, 200, 1000
3W100C10B, 100, 849, 632, 200, 77
3W100C15B, 100, 1146, 862, 200, 78
3W100C1B, 100, 214, 155, 100, 155
3W100C20B, 100, 1685, 1270, 200, 73
3W100C25B, 100, 2197, 1724, 200, 77
3W100C2B, 100, 479, 347, 200, 85
3W100C5B, 100, 704, 515, 200, 81
3W1100C10B, 1100, 1272, 1224, 200, 1100
3W1100C15B, 1100, 1610, 1395, 200, 1099
3W1100C1B, 1100, 1118, 1107, 100, 1107
3W1100C20B, 1100, 1691, 1427, 200, 1099
3W1100C25B, 1100, 1863, 1462, 200, 1099
3W1100C2B, 1100, 1182, 1145, 100, 1145
3W1100C5B, 1100, 1251, 1201, 200, 1101
3W1200C10B, 1200, 1274, 1250, 100, 1250
3W1200C15B, 1200, 1309, 1292, 200, 1201
3W1200C1B, 1200, 1207, 1205, 100, 1205
3W1200C20B, 1200, 1549, 1433, 200, 1201
3W1200C25B, 1200, 1593, 1444, 200, 1201
3W1200C2B, 1200, 1245, 1227, 100, 1227
3W1200C5B, 1200, 1213, 1211, 100, 1211
3W1300C10B, 1300, 2125, 1709, 200, 1301
3W1300C15B, 1300, 2433, 1831, 200, 1301
3W1300C1B, 1300, 1302, 1301, 100, 1301
3W1300C20B, 1300, 2250, 1787, 200, 1300
3W1300C25B, 1300, 3156, 2248, 200, 1297
3W1300C2B, 1300, 1309, 1307, 100, 1307
3W1300C5B, 1300, 1549, 1442, 200, 1298
3W200C10B, 200, 1270, 965, 200, 162
3W200C15B, 200, 1904, 1406, 200, 158
3W200C1B, 200, 346, 240, 100, 240
3W200C20B, 200, 2239, 1732, 200, 162
3W200C25B, 200, 3239, 2442, 200, 158
3W200C2B, 200, 437, 352, 200, 174
3W200C5B, 200, 826, 656, 200, 168
3W300C10B, 300, 1352, 1136, 200, 269
3W300C15B, 300, 1922, 1612, 200, 266
3W300C1B, 300, 483, 383, 200, 274
3W300C20B, 300, 2453, 1946, 200, 265
3W300C25B, 300, 3096, 2392, 200, 256
3W300C2B, 300, 529, 444, 200, 276
3W300C5B, 300, 916, 806, 200, 273
3W400C10B, 400, 1299, 1145, 200, 387
3W400C15B, 400, 1926, 1588, 200, 377
3W400C1B, 400, 632, 523, 200, 391
3W400C20B, 400, 2977, 2241, 200, 375
3W400C25B, 400, 3024, 2316, 200, 372
3W400C2B, 400, 705, 587, 200, 389
3W400C5B, 400, 867, 771, 200, 386
3W500C10B, 500, 1505, 1290, 200, 487
3W500C15B, 500, 1966, 1611, 200, 490
3W500C1B, 500, 605, 581, 200, 494
3W500C20B, 500, 3101, 2400, 200, 486
3W500C25B, 500, 3124, 2358, 200, 488
3W500C2B, 500, 685, 639, 200, 493
3W500C5B, 500, 938, 838, 200, 491
3W600C10B, 600, 1422, 1181, 200, 596
3W600C15B, 600, 1980, 1599, 200, 593
3W600C1B, 600, 657, 642, 100, 642
3W600C20B, 600, 2600, 1937, 200, 592
3W600C25B, 600, 3884, 2683, 200, 588
3W600C2B, 600, 759, 728, 200, 597
3W600C5B, 600, 1196, 1037, 200, 593
3W700C10B, 700, 1409, 1144, 200, 700
3W700C15B, 700, 2437, 1826, 200, 696
3W700C1B, 700, 796, 768, 200, 699
3W700C20B, 700, 2688, 1915, 200, 697
3W700C25B, 700, 3624, 2531, 200, 698
3W700C2B, 700, 931, 879, 200, 699
3W700C5B, 700, 1182, 1033, 200, 699
3W800C10B, 800, 1346, 1185, 200, 800
3W800C15B, 800, 1928, 1522, 200, 799
3W800C1B, 800, 824, 818, 100, 818
3W800C20B, 800, 2292, 1684, 200, 799
3W800C25B, 800, 2837, 2072, 200, 800
3W800C2B, 800, 894, 873, 200, 800
3W800C5B, 800, 1022, 966, 200, 800
3W900C10B, 900, 1125, 1042, 200, 898
3W900C15B, 900, 1250, 1116, 200, 898
3W900C1B, 900, 926, 920, 100, 920
3W900C20B, 900, 1396, 1237, 200, 898
3W900C25B, 900, 1568, 1282, 200, 898
3W900C2B, 900, 931, 925, 100, 925
3W900C5B, 900, 990, 957, 100, 957
